X,Y
0,0
1,1
3,2
